  -2.9900000000000002        7.0710678118654762E-003
  -2.9800000000000004        7.0690348798695644E-003
  -2.9700000000000006        7.0670025323416024E-003
  -2.9600000000000009        7.0649707691135535E-003
  -2.9500000000000011        7.0629395900174332E-003
  -2.9400000000000013        7.0609089948853038E-003
  -2.9300000000000015        7.0588789835492743E-003
  -2.9200000000000017        7.0568495558415035E-003
  -2.9100000000000019        7.0548207115941983E-003
  -2.9000000000000021        7.0527924506396155E-003
  -2.8900000000000023        7.0507647728100566E-003
  -2.8800000000000026        7.0487376779378727E-003
  -2.8700000000000028        7.0467111658554663E-003
  -2.8600000000000030        7.0446852363952829E-003
  -2.8500000000000032        7.0426598893898193E-003
  -2.8400000000000034        7.0406351246716202E-003
  -2.8300000000000036        7.0386109420732769E-003
  -2.8200000000000038        7.0365873414274310E-003
  -2.8100000000000041        7.0345643225667703E-003
  -2.8000000000000043        7.0325418853240318E-003
  -2.7900000000000045        7.0305200295320011E-003
  -2.7800000000000047        7.0284987550235109E-003
  -2.7700000000000049        7.0264780616314413E-003
  -2.7600000000000051        7.0244579491887229E-003
  -2.7500000000000053        7.0224384175283303E-003
  -2.7400000000000055        7.0204194664832912E-003
  -2.7300000000000058        7.0184010958866776E-003
  -2.7200000000000060        7.0163833055716099E-003
  -2.7100000000000062        7.0143660953712588E-003
  -2.7000000000000064        7.0123494651188395E-003
  -2.6900000000000066        7.0103334146476171E-003
  -2.6800000000000068        7.0083179437909066E-003
  -2.6700000000000070        7.0063030523820659E-003
  -2.6600000000000072        7.0042887402545061E-003
  -2.6500000000000075        7.0022750072416826E-003
  -2.6400000000000077        7.0002618531771008E-003
  -2.6300000000000079        6.9982492778943133E-003
  -2.6200000000000081        6.9962372812269183E-003
  -2.6100000000000083        6.9942258630085654E-003
  -2.6000000000000085        6.9922150230729511E-003
  -2.5900000000000087        6.9902047612538177E-003
  -2.5800000000000090        6.9881950773849569E-003
  -2.5700000000000092        6.9861859713002085E-003
  -2.5600000000000094        6.9841774428334594E-003
  -2.5500000000000096        6.9821694918186447E-003
  -2.5400000000000098        6.9801621180897470E-003
  -2.5300000000000100        6.9781553214807958E-003
  -2.5200000000000102        6.9761491018258707E-003
  -2.5100000000000104        6.9741434589590959E-003
  -2.5000000000000107        6.9721383927146456E-003
  -2.4900000000000109        6.9701339029267393E-003
  -2.4800000000000111        6.9681299894296476E-003
  -2.4700000000000113        6.9661266520576869E-003
  -2.4600000000000115        6.9641238906452208E-003
  -2.4500000000000117        6.9621217050266603E-003
  -2.4400000000000119        6.9601200950364650E-003
  -2.4300000000000122        6.9581190605091424E-003
  -2.4200000000000124        6.9561186012792467E-003
  -2.4100000000000126        6.9541187171813790E-003
  -2.4000000000000128        6.9521194080501897E-003
  -2.3900000000000130        6.9501206737203752E-003
  -2.3800000000000132        6.9481225140266799E-003
  -2.3700000000000134        6.9461249288038972E-003
  -2.3600000000000136        6.9441279178868668E-003
  -2.3500000000000139        6.9421314811104742E-003
  -2.3400000000000141        6.9401356183096553E-003
  -2.3300000000000143        6.9381403293193910E-003
  -2.3200000000000145        6.9361456139747117E-003
  -2.3100000000000147        6.9341514721106938E-003
  -2.3000000000000149        6.9321579035624614E-003
  -2.2900000000000151        6.9301649081651871E-003
  -2.2800000000000153        6.9281724857540895E-003
  -2.2700000000000156        6.9261806361644350E-003
  -2.2600000000000158        6.9241893592315376E-003
  -2.2500000000000160        6.9221986547907590E-003
  -2.2400000000000162        6.9202085226775069E-003
  -2.2300000000000164        6.9182189627272376E-003
  -2.2200000000000166        6.9162299747754534E-003
  -2.2100000000000168        6.9142415586577058E-003
  -2.2000000000000171        6.9122537142095918E-003
  -2.1900000000000173        6.9102664412667575E-003
  -2.1800000000000175        6.9082797396648934E-003
  -2.1700000000000177        6.9062936092397402E-003
  -2.1600000000000179        6.9043080498270839E-003
  -2.1500000000000181        6.9023230612627589E-003
  -2.1400000000000183        6.9003386433826456E-003
  -2.1300000000000185        6.8983547960226738E-003
  -2.1200000000000188        6.8963715190188167E-003
  -2.1100000000000190        6.8943888122070989E-003
  -2.1000000000000192        6.8924066754235888E-003
  -2.0900000000000194        6.8904251085044046E-003
  -2.0800000000000196        6.8884441112857103E-003
  -2.0700000000000198        6.8864636836037151E-003
  -2.0600000000000200        6.8844838252946792E-003
  -2.0500000000000203        6.8825045361949064E-003
  -2.0400000000000205        6.8805258161407507E-003
  -2.0300000000000207        6.8785476649686093E-003
  -2.0200000000000209        6.8765700825149309E-003
  -2.0100000000000211        6.8745930686162082E-003
  -2.0000000000000213        6.8726166231089817E-003
  -1.9900000000000213        6.8706407458298379E-003
  -1.9800000000000213        1.3737330873230823E-002
  -1.9700000000000213        2.0596121467478301E-002
  -1.9600000000000213        2.7443068156405726E-002
  -1.9500000000000213        3.4274233378745050E-002
  -1.9400000000000213        4.1085688648550493E-002
  -1.9300000000000213        4.7873516814403418E-002
  -1.9200000000000212        5.4633814312099113E-002
  -1.9100000000000212        6.1362693409519976E-002
  -1.9000000000000212        6.8056284442404150E-002
  -1.8900000000000212        7.4710738039723806E-002
  -1.8800000000000212        8.1322227337393374E-002
  -1.8700000000000212        8.7886950179034487E-002
  -1.8600000000000212        9.4401131302532304E-002
  -1.8500000000000212       0.10086102451112544     
  -1.8400000000000212       0.10726291482778118     
  -1.8300000000000212       0.11360312063161687     
  -1.8200000000000212       0.11987799577513909     
  -1.8100000000000211       0.12608393168108267     
  -1.8000000000000211       0.13221735941764404     
  -1.7900000000000211       0.13827475175091528     
  -1.7800000000000211       0.14425262517333862     
  -1.7700000000000211       0.15014754190701485     
  -1.7600000000000211       0.15595611188071348     
  -1.7500000000000211       0.16167499467944796     
  -1.7400000000000211       0.16730090146549437     
  -1.7300000000000211       0.17283059686974936     
  -1.7200000000000211       0.17826090085233909     
  -1.7100000000000211       0.18358869053140972     
  -1.7000000000000210       0.18881090197904721     
  -1.6900000000000210       0.19392453198329404     
  -1.6800000000000210       0.19892663977524935     
  -1.6700000000000210       0.20381434872025930     
  -1.6600000000000210       0.20858484797222504     
  -1.6500000000000210       0.21323539409007697     
  -1.6400000000000210       0.21776331261548576     
  -1.6300000000000210       0.22216599961090261     
  -1.6200000000000210       0.22644092315704439     
  -1.6100000000000210       0.23058562480896247     
  -1.6000000000000210       0.23459772100985782     
  -1.5900000000000210       0.23847490446182945     
  -1.5800000000000209       0.24221494545276767     
  -1.5700000000000209       0.24581569313862922     
  -1.5600000000000209       0.24927507678035699     
  -1.5500000000000209       0.25259110693473263     
  -1.5400000000000209       0.25576187659847777     
  -1.5300000000000209       0.25878556230494509     
  -1.5200000000000209       0.26166042517276944     
  -1.5100000000000209       0.26438481190587532     
  -1.5000000000000209       0.26695715574426582     
  -1.4900000000000209       0.26937597736504626     
  -1.4800000000000209       0.27163988573316439     
  -1.4700000000000208       0.27374757890137780     
  -1.4600000000000208       0.27569784475898862     
  -1.4500000000000208       0.27748956172891470     
  -1.4400000000000208       0.27912169941269671     
  -1.4300000000000208       0.28059331918306979     
  -1.4200000000000208       0.28190357472375965     
  -1.4100000000000208       0.28305171251619182     
  -1.4000000000000208       0.28403707227283481     
  -1.3900000000000208       0.28485908731692783     
  -1.3800000000000208       0.28551728490837436     
  -1.3700000000000208       0.28601128651561464     
  -1.3600000000000207       0.28634080803332035     
  -1.3500000000000207       0.28650565994578653     
  -1.3400000000000207       0.28650574743592644     
  -1.3300000000000207       0.28634107043980722     
  -1.3200000000000207       0.28601172364669447     
  -1.3100000000000207       0.28551789644460573     
  -1.3000000000000207       0.28485987281140485     
  -1.2900000000000207       0.28403803115149873     
  -1.2800000000000207       0.28305284407823167     
  -1.2700000000000207       0.28190487814210108     
  -1.2600000000000207       0.28059479350495214     
  -1.2500000000000207       0.27912334356033780     
  -1.2400000000000206       0.27749137450026284     
  -1.2300000000000206       0.27569982482856137     
  -1.2200000000000206       0.27374972482118703     
  -1.2100000000000206       0.27164219593372690     
  -1.2000000000000206       0.26937845015647921     
  -1.1900000000000206       0.26695978931746628     
  -1.1800000000000206       0.26438760433378328     
  -1.1700000000000206       0.26166337441171322     
  -1.1600000000000206       0.25878866619606855     
  -1.1500000000000206       0.25576513286924785     
  -1.1400000000000206       0.25259451320052662     
  -1.1300000000000205       0.24927863054612834     
  -1.1200000000000205       0.24581939180065079     
  -1.1100000000000205       0.24221878630045107     
  -1.1000000000000205       0.23847888467961947     
  -1.0900000000000205       0.23460183767920054     
  -1.0800000000000205       0.23058987491034577     
  -1.0700000000000205       0.22644530357210940     
  -1.0600000000000205       0.22217050712462472     
  -1.0500000000000205       0.21776794391842375     
  -1.0400000000000205       0.21324014578068870     
  -1.0300000000000205       0.20858971655924816     
  -1.0200000000000204       0.20381933062515523     
  -1.0100000000000204       0.19893173133470909     
  -1.0000000000000204       0.19392972945180395     
 -0.99000000000002042       0.18881620153151310     
 -0.98000000000002041       0.18359408826583742     
 -0.97000000000002040       0.17826639279256973     
 -0.96000000000002039       0.17283617896824746     
 -0.95000000000002038       0.16730656960618692     
 -0.94000000000002037       0.16168074468061241     
 -0.93000000000002037       0.15596193949791290     
 -0.92000000000002036       0.15015344283607804     
 -0.91000000000002035       0.14425859505338337     
 -0.90000000000002034       0.13828078616741249     
 -0.89000000000002033       0.13222345390552084     
 -0.88000000000002032       0.12609008172786229     
 -0.87000000000002031       0.11988419682411536     
 -0.86000000000002030       0.11360936808506125     
 -0.85000000000002029       0.10726920405018009     
 -0.84000000000002029       0.10086735083244575     
 -0.83000000000002028        9.4407490021512594E-002
 -0.82000000000002027        8.7893336566500099E-002
 -0.81000000000002026        8.1328636639592777E-002
 -0.80000000000002025        7.4717165481684084E-002
 -0.79000000000002024        6.8062725231303300E-002
 -0.78000000000002023        6.1369142738073812E-002
 -0.77000000000002022        5.4640267361960294E-002
 -0.76000000000002021        4.7879968759570450E-002
 -0.75000000000002021        4.1092134658784252E-002
 -0.74000000000002020        3.4280668622990583E-002
 -0.73000000000002019        2.7449487806216942E-002
 -0.72000000000002018        2.0602520700443210E-002
 -0.71000000000002017        1.3743704876394995E-002
 -0.70000000000002016        6.8769847191157522E-003
 -0.69000000000002015        6.3091596199113878E-006
 -0.68000000000002014       -6.8643705960684800E-003
 -0.67000000000002014       -1.3731103339185622E-002
 -0.66000000000002013       -2.0589940130499602E-002
 -0.65000000000002012       -2.7436936571277035E-002
 -0.64000000000002011       -3.4268155071638745E-002
 -0.63000000000002010       -4.1079667114999975E-002
 -0.62000000000002009       -4.7867555517292888E-002
 -0.61000000000002008       -5.4627916679672123E-002
 -0.60000000000002007       -6.1356862833407910E-002
 -0.59000000000002006       -6.8050524275675747E-002
 -0.58000000000002006       -7.4705051594956884E-002
 -0.57000000000002005       -8.1316617884769765E-002
 -0.56000000000002004       -8.7881420944459485E-002
 -0.55000000000002003       -9.4395685465779450E-002
 -0.54000000000002002      -0.10085566520400788     
 -0.53000000000002001      -0.10725764513235063     
 -0.52000000000002000      -0.11359794357839120     
 -0.51000000000001999      -0.11987291434135947     
 -0.50000000000001998      -0.12607894878900142     
 -0.49000000000001998      -0.13221247793284413     
 -0.48000000000001997      -0.13826997448066233     
 -0.47000000000001996      -0.14424795486496653     
 -0.46000000000001995      -0.15014298124634579     
 -0.45000000000001994      -0.15595166349051340     
 -0.44000000000001993      -0.16167066111791817     
 -0.43000000000001992      -0.16729668522480046     
 -0.42000000000001991      -0.17282650037458788     
 -0.41000000000001990      -0.17825692645854330     
 -0.40000000000001990      -0.18358484052459462     
 -0.39000000000001989      -0.18880717857329521     
 -0.38000000000001988      -0.19392093731988169     
 -0.37000000000001987      -0.19892317592141590     
 -0.36000000000001986      -0.20381101766801779     
 -0.35000000000001985      -0.20858165163721684     
 -0.34000000000001984      -0.21323233431047006     
 -0.33000000000001983      -0.21776039115091761     
 -0.32000000000001982      -0.22216321814146825     
 -0.31000000000001982      -0.22643828328233020     
 -0.30000000000001981      -0.23058312804712633     
 -0.29000000000001980      -0.23459536879675599     
 -0.28000000000001979      -0.23847269815019084     
 -0.27000000000001978      -0.24221288631141588     
 -0.26000000000001977      -0.24581378235175291     
 -0.25000000000001976      -0.24927331544682879     
 -0.24000000000001975      -0.25258949606747733     
 -0.23000000000001974      -0.25576041712388958     
 -0.22000000000001974      -0.25878425506235503     
 -0.21000000000001973      -0.26165927091396268     
 -0.20000000000001972      -0.26438381129465871     
 -0.19000000000001971      -0.26695630935608616     
 -0.18000000000001970      -0.26937528568665947     
 -0.17000000000001969      -0.27163934916235555     
 -0.16000000000001968      -0.27374719774673228     
 -0.15000000000001967      -0.27569761923971470     
 -0.14000000000001966      -0.27748949197471745     
 -0.13000000000001966      -0.27912178546370342     
 -0.12000000000001966      -0.28059356098980692     
 -0.11000000000001967      -0.28190397214718121     
 -0.10000000000001967      -0.28305226532775934     
  -9.0000000000019675E-002 -0.28403778015464881     
  -8.0000000000019680E-002 -0.28485994986191054     
  -7.0000000000019685E-002 -0.28551830162050390     
  -6.0000000000019683E-002 -0.28601245681021026     
  -5.0000000000019681E-002 -0.28634213123737862     
  -4.0000000000019680E-002 -0.28650713529836835     
  -3.0000000000019678E-002 -0.28650737408859478     
  -2.0000000000019676E-002 -0.28634284745711486     
  -1.0000000000019675E-002 -0.28601365000672191     
  -1.9675233664528946E-014 -0.28551997103954913     
   9.9999999999803250E-003 -0.28486209444821287     
